2, 65, 31, 54, 50, 67, 53, 57, 50, 48, 56, 31, 55, 57, 52, 54, 48, 48, 50, 48, 56, 57, 52, 54, 48, 48, 50, 48, 57, 68, 52, 54
48, 48, 50, 48, 50, 68, 69, 57, 70, 48, 52, 70, 56, 70, 66, 48, 54, 67, 52, 57, 48, 57, 54, 56, 48, 49, 57, 49, 48, 48, 50, 57, 48, 48, 70, 48, 67, 70, 56, 48, 68, 48, 69, 57, 48, 48, 56, 66
68, 48, 69, 57, 48, 50, 53, 52, 68, 48, 69, 57, 48, 52, 69, 67, 68, 48, 69, 57, 48, 54, 50, 49, 48, 56, 57, 50, 48, 65, 52, 52, 48, 55, 57, 50, 67, 50, 56, 67, 48, 49, 69, 66, 52, 49, 48, 49
48, 53, 57, 50, 56, 50, 56, 67, 48, 69, 69, 66, 52, 49, 48, 49, 48, 52, 57, 50, 52, 50, 56, 67, 48, 48, 56, 67, 48, 50, 57, 48
48, 67, 70, 49, 48, 56, 48, 48, 48, 56, 52, 51, 48, 51, 57, 50, 48, 54, 57, 48, 67, 68, 69, 57, 48, 57, 69, 67, 65, 50, 69, 48, 66, 53, 70, 53, 56, 56, 49, 70, 48, 48, 70, 48, 65, 51, 56, 48
50, 56, 52, 54, 55, 54, 52, 54, 48, 48, 70, 48, 50, 53, 70, 66, 68, 68, 70, 56, 50, 56, 67, 48, 66, 54, 52, 54, 50, 56, 50, 51
56, 49, 52, 54, 50, 68, 69, 48, 48, 66, 70, 49, 48, 49, 48, 66, 66, 66, 70, 49, 48, 56, 48, 70, 49, 55, 68, 51, 48, 55, 57, 56, 49, 52, 70, 49, 48, 49, 48, 56, 48, 68, 57, 48, 48, 56, 57, 56
48, 67, 57, 48, 48, 66, 57, 49, 67, 68, 70, 56, 51, 56, 56, 48, 49, 48, 68, 48, 48, 67, 65, 69, 48, 48, 50, 48, 69, 52, 52, 51
48, 69, 57, 48, 51, 48, 52, 54, 48, 48, 70, 48, 67, 54, 70, 57, 48, 53, 52, 54, 53, 67, 66, 49, 48, 49, 51, 52, 66, 53, 70, 53, 56, 56, 49, 70, 70, 54, 68, 49, 48, 54, 69, 48, 52, 70, 70, 48
48, 48, 48, 56, 51, 49, 69, 48, 48, 67, 65, 56, 48, 48, 70, 48, 66, 57, 70, 57, 48, 53, 52, 54, 68, 68, 69, 57, 48, 57, 69, 67
52, 52, 52, 54, 48, 66, 57, 57, 52, 70, 70, 48, 48, 48, 48, 66, 52, 70, 70, 48, 48, 48, 48, 56, 50, 56, 50, 51, 50, 51, 69, 48, 66, 57, 70, 66, 70, 51, 70, 48, 67, 66, 69, 66, 48, 66, 49, 50
67, 48, 69, 66, 48, 48, 49, 49, 48, 48, 69, 66, 56, 48, 48, 48, 52, 48, 52, 50, 48, 56, 69, 66, 67, 49, 49, 49, 48, 57, 69, 66
67, 48, 48, 48, 48, 49, 69, 66, 48, 50, 49, 49, 48, 48, 69, 66, 52, 48, 48, 48, 48, 49, 69, 66, 52, 48, 48, 65, 52, 70, 69, 65, 68, 65, 49, 48, 52, 65, 50, 56, 53, 54, 68, 56, 48, 52, 69, 66
52, 52, 48, 48, 48, 66, 69, 66, 48, 67, 48, 49, 48, 69, 69, 66, 52, 48, 48, 48, 48, 48, 69, 66, 48, 56, 48, 55, 48, 56, 70, 49
48, 49, 48, 56, 66, 56, 70, 49, 48, 54, 48, 70, 65, 68, 68, 50, 52, 49, 69, 65, 48, 55, 48, 48, 66, 48, 70, 49, 70, 70, 51, 70
68, 54, 68, 68, 48, 55, 50, 48, 50, 56, 52, 65, 50, 48, 69, 65, 48, 65, 48, 48, 48, 66, 52, 54, 48, 49, 50, 49, 48, 49, 70, 65, 48, 48, 70, 48, 52, 70, 69, 65, 68, 65, 48, 49, 53, 49, 53, 67
49, 49, 69, 65, 48, 48, 48, 50, 48, 52, 57, 56, 48, 50, 57, 57, 48, 56, 66, 70, 48, 56, 52, 54, 48, 53, 57, 57, 48, 51, 57, 69, 48, 67, 66, 70, 51, 49, 52, 54, 48, 49, 50, 50, 48, 48, 50, 56
50, 55, 69, 65, 69, 55, 55, 48, 49, 56, 66, 70, 48, 65, 52, 54, 56, 48, 50, 56, 57, 67, 66, 70, 50, 51, 69, 65, 69, 51, 55, 49
56, 48, 50, 57, 49, 67, 68, 56, 67, 70, 66, 50, 48, 49, 57, 57, 67, 48, 66, 50, 48, 69, 54, 56, 51, 49, 55, 65, 52, 49, 70, 48
48, 50, 48, 49, 48, 51, 50, 57, 48, 69, 66, 70, 51, 57, 52, 54, 48, 49, 52, 54, 51, 56, 52, 54, 48, 49, 69, 66, 67, 48, 49, 55, 55, 49, 54, 56, 55, 56, 48, 48, 66, 49, 69, 66, 52, 55, 48, 70
49, 52, 68, 57, 51, 49, 54, 56, 49, 55, 48, 65, 48, 70, 53, 52, 52, 48, 70, 48, 48, 49, 48, 48, 55, 49, 54, 56, 56, 56, 52, 50, 48, 67, 68, 50, 51, 49, 54, 56, 48, 65, 53, 52, 48, 54, 57, 56
48, 48, 50, 56, 66, 70, 70, 54, 53, 57, 65, 70, 48, 70, 66, 48, 66, 68, 69, 56, 70, 48, 56, 70, 52, 70, 69, 65, 68, 65, 48, 48
52, 70, 70, 52, 57, 54, 54, 49, 48, 48, 70, 48, 56, 67, 70, 65, 70, 69, 68, 69, 48, 51, 52, 56, 48, 48, 70, 48, 67, 51, 70, 67
70, 69, 68, 69, 51, 67, 53, 50, 48, 48, 50, 48, 54, 48, 52, 66, 48, 48, 50, 48, 53, 67, 53, 48, 48, 48, 50, 48, 70, 69, 66, 53, 68, 49, 69, 57, 48, 50, 54, 55, 48, 53, 52, 54, 48, 49, 57, 54
48, 67, 52, 54, 70, 48, 49, 57, 48, 50, 57, 48, 48, 49, 65, 56, 48, 48, 70, 48, 50, 52, 70, 57, 68, 52, 69, 57, 48, 48, 49, 50, 48, 48, 50, 51, 67, 53, 69, 57, 48, 48, 51, 51, 67, 53, 69, 57
48, 50, 48, 51, 48, 53, 70, 49, 49, 48, 48, 48, 67, 54, 67, 48, 48, 53, 70, 49, 50, 48, 48, 49, 48, 52, 70, 49, 49, 48, 48, 48
48, 67, 67, 56, 48, 67, 67, 49, 48, 48, 56, 56, 48, 56, 56, 48, 70, 69, 66, 68, 68, 48, 70, 56, 48, 48, 67, 48, 48, 67, 69, 66
48, 50, 48, 51, 52, 48, 50, 66, 56, 52, 66, 70, 48, 49, 50, 48, 55, 48, 52, 55, 48, 65, 52, 52, 56, 65, 52, 50, 48, 52, 66, 70, 48, 48, 50, 48, 55, 48, 52, 55, 48, 49, 51, 49, 66, 67, 70, 49
51, 70, 48, 70, 70, 55, 68, 56, 56, 52, 52, 52, 49, 49, 70, 56, 48, 49, 51, 67, 56, 67, 70, 56, 48, 52, 51, 48, 48, 51, 54, 56, 48, 51, 70, 49, 48, 49, 48, 67, 67, 48, 70, 56, 48, 48, 67, 48
69, 67, 69, 55, 50, 68, 69, 57, 70, 48, 52, 70, 56, 70, 66, 48, 48, 49, 57, 48, 48, 51, 50, 50, 68, 49, 69, 57, 48, 48, 66, 53
68, 49, 69, 57, 48, 50, 55, 48, 68, 49, 69, 57, 48, 52, 54, 49, 56, 68, 70, 56, 51, 56, 50, 48, 50, 48, 50, 50, 48, 54, 69, 66
67, 49, 48, 51, 48, 51, 57, 50, 48, 48, 50, 50, 48, 48, 50, 70, 48, 50, 57, 50, 67, 68, 69, 57, 48, 67, 54, 49, 67, 68, 69, 57, 48, 65, 54, 51, 54, 65, 52, 66, 48, 57, 57, 51, 48, 49, 65, 66
48, 56, 57, 51, 48, 54, 57, 50, 48, 52, 57, 50, 48, 48, 57, 53, 48, 48, 70, 48, 57, 55, 56, 48, 48, 48, 69, 66, 67, 48, 48, 48
68, 70, 70, 56, 57, 56, 56, 49, 48, 55, 70, 49, 49, 67, 48, 54, 48, 68, 70, 49, 48, 56, 48, 57, 52, 70, 69, 65, 67, 53, 48, 65, 56, 53, 48, 48, 48, 48, 50, 52, 48, 48, 50, 68, 48, 48, 70, 48
65, 51, 56, 48, 65, 50, 52, 53, 48, 48, 70, 48, 66, 48, 56, 48, 48, 66, 69, 66, 48, 52, 48, 48, 53, 66, 70, 56, 48, 52, 49, 48
52, 50, 54, 56, 68, 68, 69, 57, 48, 56, 48, 51, 68, 66, 54, 56, 57, 56, 52, 55, 48, 48, 50, 56, 52, 48, 70, 48, 65, 50, 56, 48, 66, 56, 54, 56, 48, 51, 57, 48, 57, 55, 70, 56, 50, 48, 48, 48
56, 68, 70, 56, 51, 56, 48, 48, 70, 56, 54, 56, 48, 50, 57, 48, 66, 56, 54, 57, 48, 49, 50, 56, 48, 70, 68, 48, 48, 51, 50, 56
49, 67, 68, 48, 48, 50, 50, 56, 49, 67, 68, 49, 68, 68, 69, 57, 48, 65, 48, 49, 56, 56, 52, 50, 49, 54, 68, 48, 48, 48, 70, 49, 48, 56, 48, 49, 48, 65, 57, 49, 52, 49, 54, 56, 52, 49, 52, 53
49, 48, 68, 49, 48, 48, 54, 56, 48, 67, 69, 48, 51, 48, 54, 56, 48, 68, 57, 57, 56, 56, 52, 50, 56, 48, 70, 48, 56, 56, 56, 48
48, 67, 57, 57, 48, 49, 69, 66, 67, 48, 48, 50, 53, 50, 54, 56, 52, 50, 52, 53, 48, 51, 68, 49, 53, 49, 70, 56, 51, 48, 48, 48, 48, 49, 54, 56, 48, 50, 69, 48, 48, 48, 50, 48, 48, 49, 69, 48
51, 49, 54, 56, 48, 49, 50, 48, 67, 68, 69, 57, 48, 52, 48, 49, 51, 56, 54, 57, 48, 49, 50, 56, 48, 70, 68, 48, 48, 51, 50, 56
49, 67, 68, 48, 48, 50, 50, 56, 49, 67, 68, 49, 68, 68, 69, 57, 48, 65, 48, 49, 56, 56, 52, 50, 49, 54, 68, 48, 48, 48, 70, 49, 48, 56, 48, 49, 48, 65, 57, 49, 52, 49, 54, 56, 52, 49, 52, 53
49, 48, 68, 49, 48, 48, 54, 56, 48, 67, 69, 48, 53, 54, 70, 56, 48, 56, 48, 67, 48, 68, 57, 57, 56, 56, 52, 50, 53, 70, 68, 50
48, 67, 57, 57, 48, 49, 69, 66, 67, 48, 48, 50, 53, 50, 54, 56, 52, 50, 52, 53, 48, 51, 68, 49, 53, 49, 70, 56, 51, 48, 48, 48, 48, 49, 54, 56, 48, 51, 69, 48, 48, 48, 50, 48, 48, 50, 69, 48
53, 54, 70, 56, 48, 56, 49, 67, 48, 49, 50, 48, 67, 68, 69, 57, 48, 54, 48, 49, 51, 56, 54, 56, 48, 49, 50, 56, 48, 56, 68, 49
53, 54, 70, 56, 49, 56, 48, 67, 48, 68, 57, 57, 56, 56, 52, 50, 52, 54, 68, 50, 48, 67, 57, 57, 48, 49, 69, 66, 67, 48, 48, 48, 48, 54, 69, 48, 68, 68, 69, 57, 48, 65, 48, 49, 56, 56, 52, 50
52, 49, 68, 48, 48, 48, 70, 49, 48, 56, 48, 49, 48, 65, 57, 49, 48, 49, 49, 68, 48, 48, 54, 56, 50, 52, 51, 55, 48, 65, 54, 56
52, 57, 52, 54, 57, 48, 52, 55, 50, 52, 51, 68, 50, 52, 51, 54, 48, 56, 51, 52, 48, 48, 50, 56, 51, 70, 70, 52, 55, 54, 65, 70
50, 56, 69, 48, 48, 68, 70, 49, 48, 56, 48, 56, 69, 67, 48, 48, 67, 70, 48, 48, 53, 68, 52, 54, 66, 55, 66, 49, 49, 67, 66, 51, 68, 68, 69, 57, 48, 56, 48, 49, 67, 66, 54, 56, 68, 53, 69, 57
48, 48, 49, 50, 57, 56, 52, 55, 68, 48, 66, 57, 68, 54, 69, 57, 48, 48, 48, 50, 52, 49, 52, 54, 48, 54, 70, 49, 48, 56, 48, 57, 57, 48, 52, 55, 48, 56, 51, 70, 48, 56, 51, 67, 48, 56, 51, 53
48, 48, 50, 56, 52, 69, 52, 54, 69, 65, 68, 48, 48, 68, 69, 48, 48, 66, 69, 66, 48, 52, 48, 53, 48, 48, 57, 56, 48, 66, 69, 66
67, 48, 48, 48, 56, 53, 52, 50, 48, 56, 68, 48, 68, 68, 69, 57, 48, 56, 48, 49, 67, 66, 54, 56, 68, 53, 69, 57, 48, 48, 49, 50, 57, 56, 52, 55, 48, 56, 66, 49, 48, 49, 50, 48, 48, 48, 69, 48
48, 48, 50, 48, 48, 70, 66, 48, 66, 68, 69, 56, 70, 48, 56, 70, 48, 48, 70, 48, 53, 69, 70, 57, 70, 69, 68, 69, 48, 51, 52, 56
48, 48, 70, 48, 57, 53, 70, 66, 70, 69, 68, 69, 49, 48, 53, 48, 48, 48, 50, 48, 52, 70, 52, 66, 48, 48, 50, 48, 69, 48, 53, 49, 48, 48, 50, 48, 55, 48, 52, 55, 66, 48, 66, 53, 68, 48, 69, 57
48, 48, 52, 53, 65, 67, 52, 50, 49, 48, 68, 48, 54, 51, 49, 67, 48, 51, 54, 48, 57, 52, 70, 57, 48, 48, 50, 48, 48, 49, 52, 54
48, 48, 50, 65, 68, 48, 66, 50, 65, 56, 66, 70, 66, 48, 66, 68, 65, 66, 52, 50, 48, 56, 68, 48, 65, 51, 49, 67, 48, 66, 54, 48, 54, 50, 55, 56, 48, 50, 70, 48, 51, 70, 48, 69, 48, 53, 69, 48
52, 70, 70, 52, 56, 56, 49, 48, 66, 48, 66, 68, 52, 70, 70, 48, 48, 48, 48, 69, 50, 66, 52, 54, 48, 48, 70, 48, 49, 70, 48, 67
69, 48, 50, 56, 48, 55, 68, 51, 65, 66, 52, 50, 48, 56, 68, 48, 53, 67, 49, 67, 48, 67, 54, 48, 49, 65, 55, 56, 48, 50, 70, 48, 51, 70, 48, 51, 48
52, 69, 48, 52, 69, 69, 65, 56, 67, 49, 48, 66, 48, 66, 68, 48, 48, 50, 51, 50, 67, 52, 54, 52, 51, 69, 65, 56, 69, 49, 51, 70, 48, 50, 56, 48, 55, 68, 51, 65, 67, 52, 50
48, 56, 68, 48, 54, 48, 49, 67, 48, 56, 54, 48, 50, 48, 55, 56, 48, 48, 70, 48, 51, 70, 48, 48, 48, 51, 69, 48, 52, 51, 69, 65, 48, 67, 51, 48, 66, 48, 66, 68, 48, 48, 50, 48, 52, 70, 70, 52
69, 48, 49, 49, 48, 49, 69, 65, 56, 67, 52, 49, 52, 49, 69, 65, 56, 51, 49, 49, 48, 56, 52, 52, 66, 48, 66, 68, 48, 48, 54, 56
56, 48, 50, 57, 48, 66, 68, 50, 48, 50, 54, 56, 51, 70, 50, 65, 56, 52, 66, 70, 48, 49, 50, 48, 55, 48, 52, 55, 48, 50, 52, 52
49, 49, 55, 49, 48, 49, 54, 56, 48, 49, 51, 49, 48, 49, 54, 48, 48, 48, 50, 48, 55, 48, 52, 55, 69, 48, 66, 53, 48, 48, 50, 50, 66, 49, 70, 53, 48, 48, 54, 70, 48, 49, 57, 50, 48, 66, 68, 50
48, 50, 50, 50, 56, 66, 48, 57, 54, 50, 70, 51, 57, 70, 49, 49, 56, 68, 70, 56, 48, 53, 49, 48, 48, 54, 50, 49, 54, 49, 70, 51, 53, 70, 49, 51, 56, 68, 70, 56, 48, 52, 51, 48, 50, 66, 69, 48
66, 50, 69, 66, 49, 49, 52, 70, 49, 50, 68, 49, 48, 50, 50, 50, 48, 66, 52, 54, 54, 50, 70, 51, 57, 70, 49, 51, 56, 68, 70, 56
48, 54, 51, 48, 56, 66, 48, 57, 48, 57, 48, 66, 54, 50, 70, 51, 57, 70, 49, 51, 48, 69, 50, 50, 54, 50, 70, 51, 49, 70, 49, 49
56, 68, 70, 56, 48, 53, 51, 48, 56, 68, 70, 56, 48, 52, 49, 48, 48, 51, 50, 50, 49, 53, 69, 48, 48, 50, 50, 50, 48, 66, 52, 54, 54, 50, 70, 51, 57, 70, 49, 51, 56, 68, 70, 56, 48, 55, 51, 48
70, 48, 50, 51, 52, 51, 69, 65, 57, 49, 52, 51, 56, 68, 70, 56, 48, 52, 51, 48, 56, 66, 48, 57, 48, 57, 48, 66, 54, 50, 70, 51
57, 70, 49, 51, 54, 50, 70, 51, 57, 70, 49, 49, 48, 52, 50, 50, 56, 68, 70, 56, 48, 54, 51, 48, 56, 68, 70, 56, 48, 53, 49, 48, 48, 49, 65, 57, 70, 70, 70, 55, 53, 65, 70, 69, 56, 67, 66, 68
70, 48, 66, 53, 56, 55, 66, 48, 48, 48, 54, 56, 48, 68, 70, 49, 48, 52, 48, 67, 57, 49, 69, 56, 70, 52, 52, 48, 54, 51, 52, 54
54, 49, 52, 54, 56, 51, 69, 56, 70, 52, 52, 48, 70, 70, 70, 55, 54, 56, 70, 69, 48, 55, 66, 48, 70, 48, 66, 68, 48, 48, 54, 56, 70, 70, 70, 55, 52, 55, 66, 69, 68, 52, 68, 52, 50, 68, 69, 57
70, 48, 52, 49, 65, 52, 66, 48, 51, 53, 52, 69, 48, 48, 50, 53, 49, 55, 57, 53, 48, 49, 50, 55, 54, 67, 52, 54, 49, 50, 65, 57
51, 48, 54, 56, 48, 48, 57, 53, 48, 49, 51, 48, 51, 48, 54, 48, 51, 49, 52, 56, 49, 54, 57, 48, 51, 49, 52, 56, 67, 68, 69, 57
49, 52, 53, 53, 49, 51, 57, 55, 49, 50, 57, 48, 50, 48, 52, 54, 70, 70, 70, 55, 52, 66, 70, 69, 48, 48, 50, 56, 53, 48, 68, 49, 50, 68, 52, 56, 56, 68, 70, 56, 56, 67, 55, 48, 50, 55, 49, 68
50, 50, 57, 48, 49, 48, 50, 48, 65, 68, 70, 56, 56, 52, 53, 48, 49, 68, 65, 67, 49, 70, 57, 55, 67, 68, 69, 57, 49, 68, 53, 48, 49, 50, 65, 68, 48, 48, 57, 56, 50, 49, 52, 54, 50, 48, 57, 48
50, 56, 52, 54, 70, 70, 70, 55, 70, 67, 70, 68, 50, 56, 52, 54, 70, 70, 70, 55, 49, 55, 70, 68, 48, 48, 57, 56, 52, 70, 70, 54
49, 56, 48, 56, 48, 49, 51, 56, 48, 49, 69, 48, 48, 48, 57, 48, 48, 49, 51, 56, 52, 49, 49, 67, 70, 66, 68, 49, 49, 69, 52, 56, 48, 49, 50, 53, 49, 69, 57, 48, 49, 49, 65, 56, 49, 68, 57, 48
49, 50, 65, 57, 49, 67, 52, 56, 49, 55, 57, 53, 67, 68, 69, 57, 49, 53, 53, 52, 49, 52, 57, 48, 48, 50, 50, 48, 49, 51, 57, 48
49, 65, 52, 56, 49, 50, 57, 48, 51, 48, 54, 56, 49, 49, 57, 48, 54, 56, 52, 54, 70, 70, 70, 55, 49, 54, 70, 69, 69, 48, 66, 57, 48, 48, 50, 48, 56, 68, 70, 56, 56, 67, 53, 48, 65, 68, 70, 56
56, 65, 56, 48, 49, 50, 65, 67, 65, 68, 70, 56, 56, 56, 53, 48, 49, 68, 65, 57, 65, 68, 70, 56, 56, 52, 48, 48, 51, 48, 50, 48
49, 70, 57, 55, 49, 69, 57, 48, 49, 56, 50, 48, 49, 68, 57, 48, 48, 48, 57, 56, 50, 48, 57, 48, 50, 48, 52, 54, 70, 70, 70, 55, 67, 54, 70, 68, 50, 48, 52, 54, 70, 70, 70, 55, 69, 49, 70, 67
52, 48, 70, 50, 57, 65, 50, 48, 50, 52, 66, 48, 66, 68, 69, 56, 70, 48, 56, 49, 48, 48, 70, 48, 50, 65, 70, 56, 70, 69, 68, 69
48, 48, 66, 70, 51, 56, 53, 50, 48, 48, 50, 48, 49, 56, 53, 49, 48, 48, 50, 48, 52, 48, 53, 48, 48, 48, 50, 48, 48, 49, 48, 48, 49, 56, 70, 56, 68, 57, 52, 54, 48, 48, 50, 48, 70, 52, 53, 48
48, 48, 50, 48, 52, 67, 53, 48, 48, 48, 50, 48, 48, 50, 52, 56, 48, 48, 50, 49, 48, 49, 54, 48, 48, 48, 50, 48, 55, 48, 52, 55
48, 48, 66, 70, 51, 56, 53, 50, 48, 48, 50, 48, 56, 48, 66, 53, 48, 51, 52, 57, 48, 56, 54, 48, 70, 70, 70, 55, 55, 55, 70, 70, 52, 48, 70, 50, 57, 65, 50, 48, 56, 48, 66, 68, 51, 67, 53, 50
48, 48, 50, 48, 48, 50, 52, 57, 48, 56, 54, 48, 52, 48, 70, 50, 57, 65, 50, 48, 55, 48, 52, 55, 48, 48, 66, 70, 51, 67, 53, 50
48, 48, 50, 48, 48, 48, 70, 48, 69, 54, 70, 57, 70, 69, 68, 69, 70, 69, 69, 55, 50, 48, 50, 56, 51, 67, 66, 70, 49, 70, 50, 48, 55, 48, 52, 55, 55, 70, 50, 56, 51, 67, 66, 70, 50, 48, 51, 56
55, 48, 52, 55, 65, 48, 70, 49, 65, 49, 48, 49, 52, 50, 51, 56, 53, 69, 50, 57, 56, 56, 66, 70, 49, 70, 50, 48, 55, 48, 52, 55
48, 48, 70, 48, 68, 51, 70, 57, 70, 69, 68, 69, 50, 68, 69, 57, 70, 48, 52, 70, 57, 51, 66, 48, 48, 50, 54, 56, 52, 50, 70, 50, 49, 48, 55, 48, 48, 70, 52, 54, 56, 50, 52, 50, 52, 57, 68, 51
52, 49, 70, 50, 53, 57, 55, 69, 52, 68, 70, 54, 70, 48, 48, 56, 52, 56, 70, 50, 49, 70, 53, 65, 52, 53, 70, 50, 49, 56, 49, 53
52, 69, 70, 50, 70, 70, 48, 67, 48, 48, 50, 49, 67, 68, 70, 50, 66, 55, 49, 69, 67, 70, 70, 54, 70, 70, 55, 56, 67, 53, 70, 50, 69, 66, 49, 65, 67, 50, 70, 50, 48, 48, 48, 53, 54, 70, 70, 48
54, 51, 48, 66, 67, 48, 70, 50, 70, 53, 53, 67, 48, 48, 57, 55, 48, 68, 70, 49, 48, 53, 48, 48, 54, 50, 52, 53, 48, 48, 69, 66
48, 49, 48, 55, 65, 50, 70, 66, 48, 69, 48, 54, 65, 49, 70, 49, 48, 52, 48, 49, 52, 70, 69, 65, 53, 54, 51, 48, 48, 48, 70, 66, 48, 56, 50, 54, 48, 50, 52, 54, 65, 54, 70, 66, 48, 65, 52, 57
52, 70, 69, 65, 53, 57, 49, 52, 51, 53, 70, 56, 49, 52, 51, 48, 65, 55, 70, 56, 50, 51, 51, 48, 48, 52, 70, 66, 48, 66, 54, 51
51, 53, 70, 56, 49, 51, 51, 48, 65, 55, 70, 56, 50, 53, 51, 48, 69, 50, 68, 56, 48, 48, 57, 70, 50, 55, 51, 49, 48, 50, 52, 54
54, 52, 50, 65, 49, 50, 68, 65, 49, 51, 52, 54, 48, 57, 50, 66, 50, 56, 68, 68, 52, 53, 70, 50, 49, 56, 49, 48, 67, 50, 70, 50, 48, 48, 48, 48, 51, 48, 70, 56, 49, 51, 50, 48, 56, 56, 49, 69
48, 68, 70, 49, 48, 53, 48, 49, 48, 49, 69, 66, 48, 48, 48, 56, 48, 65, 53, 50, 50, 51, 69, 48, 50, 55, 50, 49, 54, 52, 50, 65, 69, 67, 68, 66, 52, 56, 70, 50, 49, 70, 53, 51, 57, 48, 66, 50
67, 53, 70, 50, 69, 66, 49, 51, 48, 50, 51, 57, 65, 48, 70, 66, 48, 51, 48, 51, 54, 70, 70, 48, 54, 51, 48, 48, 53, 66, 48, 57
48, 51, 70, 66, 48, 48, 50, 48, 52, 53, 70, 50, 49, 56, 49, 50, 67, 50, 70, 50, 48, 48, 48, 50, 56, 48, 66, 50, 51, 50, 70, 56
49, 48, 48, 48, 48, 68, 70, 49, 48, 53, 48, 50, 53, 48, 53, 50, 48, 57, 50, 66, 68, 54, 68, 67, 52, 56, 49, 69, 48, 68, 70, 49, 48, 53, 48, 50, 48, 51, 70, 49, 51, 48, 48, 49, 48, 50, 69, 66
48, 48, 48, 56, 49, 49, 53, 52, 48, 48, 50, 49, 67, 48, 70, 49, 50, 55, 48, 65, 48, 67, 57, 49, 52, 53, 70, 50, 49, 56, 49, 49, 67, 50, 70, 50, 48, 48, 48, 49, 53, 53, 52, 54, 48, 66, 57, 49
52, 70, 70, 52, 56, 56, 49, 49, 48, 68, 57, 49, 51, 56, 54, 56, 67, 49, 48, 55, 49, 69, 66, 70, 50, 66, 50, 49, 48, 68, 57, 49
48, 65, 70, 49, 48, 49, 48, 53, 67, 48, 70, 51, 56, 48, 48, 49, 56, 68, 70, 56, 51, 66, 49, 48, 48, 66, 65, 57, 49, 49, 57, 49
48, 68, 70, 49, 51, 66, 48, 49, 49, 48, 57, 49, 48, 68, 65, 57, 48, 70, 57, 49, 66, 57, 54, 56, 48, 49, 50, 57, 49, 53, 68, 49, 70, 67, 54, 56, 65, 67, 52, 50, 49, 50, 68, 57, 48, 48, 48, 55
50, 50, 68, 52, 57, 55, 70, 56, 51, 48, 48, 48, 65, 52, 69, 66, 48, 53, 48, 66, 48, 51, 50, 56, 48, 56, 66, 70, 48, 49, 50, 48, 49, 48, 70, 48, 48, 51, 48, 49, 52, 70, 70, 48, 48, 48, 48, 48
51, 65, 68, 48, 48, 50, 50, 57, 51, 48, 68, 48, 52, 70, 70, 48, 48, 48, 48, 57, 51, 56, 69, 48, 48, 70, 65, 56, 51, 57, 52, 54
48, 48, 70, 48, 50, 50, 70, 57, 49, 56, 66, 49, 48, 49, 50, 48, 49, 51, 66, 48, 66, 68, 69, 56, 70, 48, 56, 70, 70, 57, 54, 57
53, 50, 52, 54, 66, 56, 54, 57, 67, 66, 54, 56, 52, 49, 52, 54, 57, 56, 52, 55, 49, 51, 66, 48, 66, 68, 69, 56, 70, 48, 56, 70, 48, 49, 50, 48, 51, 57, 52, 54, 56, 55, 70, 56, 51, 48, 48, 48
51, 48, 50, 48, 55, 56, 54, 48, 48, 70, 65, 56, 48, 48, 70, 48, 48, 66, 70, 57, 48, 48, 50, 56, 69, 55, 68, 49, 57, 55, 70, 56, 51, 48, 48, 48, 65, 52, 69, 66, 48, 53, 48, 66, 48, 51, 50, 56
48, 56, 66, 70, 48, 49, 50, 48, 49, 48, 70, 48, 48, 51, 48, 49, 52, 70, 70, 48, 48, 48, 48, 48, 52, 53, 68, 48, 48, 50, 50, 57
51, 66, 68, 48, 52, 70, 70, 48, 48, 48, 48, 57, 52, 51, 69, 48, 48, 66, 70, 49, 48, 49, 48, 50, 52, 70, 69, 65, 53, 66, 48, 49
56, 66, 52, 54, 52, 70, 69, 65, 53, 50, 48, 57, 48, 50, 69, 48, 68, 57, 52, 54, 52, 70, 70, 48, 48, 48, 48, 66, 49, 50, 57, 48, 55, 56, 54, 56, 55, 70, 50, 56, 48, 51, 68, 56, 56, 68, 70, 56
52, 56, 48, 48, 48, 49, 50, 52, 53, 68, 69, 48, 48, 48, 50, 49, 66, 49, 69, 66, 68, 48, 50, 70, 48, 66, 68, 49, 48, 50, 50, 52, 56, 49, 48, 57, 54, 52, 70, 51, 57, 70, 49, 48, 56, 68, 70, 56
52, 57, 48, 48, 48, 54, 50, 48, 54, 48, 70, 51, 53, 70, 49, 49, 56, 68, 70, 56, 52, 56, 49, 48, 52, 68, 69, 48, 66, 49, 69, 66
49, 48, 52, 70, 51, 53, 68, 49, 48, 50, 50, 49, 48, 50, 52, 54, 54, 49, 70, 51, 57, 70, 49, 50, 56, 68, 70, 56, 52, 65, 50, 48
56, 50, 48, 57, 48, 48, 48, 66, 54, 49, 70, 51, 57, 70, 49, 50, 48, 69, 50, 49, 56, 68, 70, 56, 52, 57, 50, 48, 54, 49, 70, 51, 49, 70, 49, 48, 56, 68, 70, 56, 52, 56, 48, 48, 48, 51, 50, 52
51, 55, 69, 48, 48, 66, 70, 49, 48, 49, 48, 50, 52, 70, 69, 65, 53, 66, 48, 49, 56, 66, 52, 54, 52, 70, 69, 65, 53, 50, 48, 57
48, 50, 69, 48, 68, 57, 52, 54, 52, 70, 70, 48, 48, 48, 48, 66, 49, 50, 57, 48, 55, 56, 54, 56, 55, 70, 50, 56, 48, 51, 68, 56, 56, 68, 70, 56, 52, 56, 48, 48, 48, 49, 50, 52, 55, 68, 69, 48
48, 48, 50, 49, 66, 49, 69, 66, 68, 48, 50, 70, 52, 69, 68, 49, 48, 50, 50, 52, 56, 49, 48, 57, 54, 52, 70, 51, 57, 70, 49, 48
56, 68, 70, 56, 52, 57, 48, 48, 48, 54, 50, 48, 54, 48, 70, 51, 53, 70, 49, 49, 56, 68, 70, 56, 52, 56, 49, 48, 54, 68, 69, 48, 48, 50, 50, 49, 48, 50, 52, 54, 54, 49, 70, 51, 57, 70, 49, 50
56, 68, 70, 56, 52, 66, 50, 48, 56, 50, 48, 57, 48, 52, 50, 52, 54, 49, 70, 51, 57, 70, 49, 50, 56, 68, 70, 56, 52, 65, 50, 48
48, 50, 48, 66, 56, 48, 48, 67, 54, 49, 70, 51, 57, 70, 49, 50, 56, 68, 70, 56, 52, 57, 50, 48, 70, 48, 51, 48, 56, 68, 70, 56
52, 56, 48, 48, 49, 50, 65, 68, 52, 70, 70, 48, 70, 70, 51, 54, 48, 49, 51, 54, 53, 69, 52, 53, 48, 56, 68, 50, 68, 55, 69, 57, 48, 54, 48, 49, 50, 50, 52, 54, 67, 66, 54, 56, 50, 57, 52, 54
57, 56, 52, 55, 48, 48, 50, 56, 70, 52, 68, 48, 53, 54, 69, 55, 48, 70, 65, 56, 51, 57, 52, 54, 48, 48, 70, 48, 55, 52, 70, 56, 48, 48, 50, 56, 55, 70, 70, 52, 53, 48, 65, 70, 68, 55, 69, 57
48, 54, 48, 49, 53, 50, 52, 54, 67, 66, 54, 56, 52, 49, 52, 54, 57, 56, 52, 55, 48, 48, 50, 56, 55, 70, 70, 52, 52, 55, 65, 70
49, 50, 65, 68, 52, 70, 70, 48, 70, 70, 51, 54, 48, 49, 51, 54, 52, 69, 52, 53, 53, 65, 68, 50, 68, 55, 69, 57, 48, 54, 48, 49, 50, 50, 52, 54, 67, 66, 54, 56, 50, 57, 52, 54, 57, 56, 52, 55
48, 48, 50, 56, 70, 52, 68, 48, 51, 55, 69, 55, 66, 49, 69, 66, 49, 48, 52, 70, 49, 50, 68, 49, 48, 50, 50, 49, 48, 50, 52, 54
54, 49, 70, 51, 57, 70, 49, 50, 56, 68, 70, 56, 52, 65, 50, 48, 56, 50, 48, 57, 48, 48, 48, 66, 54, 49, 70, 51, 57, 70, 49, 50, 48, 69, 50, 49, 56, 68, 70, 56, 52, 57, 50, 48, 54, 49, 70, 51
49, 70, 49, 48, 56, 68, 70, 56, 52, 56, 48, 48, 48, 51, 50, 52, 49, 52, 69, 48, 48, 50, 50, 49, 48, 50, 52, 54, 54, 49, 70, 51
57, 70, 49, 50, 56, 68, 70, 56, 52, 66, 50, 48, 56, 50, 48, 57, 48, 52, 50, 52, 54, 49, 70, 51, 57, 70, 49, 50, 56, 68, 70, 56, 52, 65, 50, 48, 48, 50, 48, 66, 56, 48, 48, 67, 54, 49, 70, 51
57, 70, 49, 50, 56, 68, 70, 56, 52, 57, 50, 48, 70, 48, 51, 48, 56, 68, 70, 56, 52, 56, 48, 48, 49, 50, 65, 68, 52, 70, 70, 48
70, 70, 51, 54, 48, 49, 51, 54, 53, 69, 52, 53, 48, 56, 68, 50, 68, 55, 69, 57, 48, 54, 48, 49, 50, 50, 52, 54, 67, 66, 54, 56, 50, 57, 52, 54, 57, 56, 52, 55, 48, 48, 50, 56, 70, 52, 68, 48
70, 68, 69, 54, 68, 55, 69, 57, 48, 54, 48, 49, 53, 50, 52, 54, 67, 66, 54, 56, 52, 49, 52, 54, 57, 56, 52, 55, 48, 48, 50, 56
55, 70, 70, 52, 70, 53, 65, 69, 49, 50, 65, 68, 52, 70, 70, 48, 70, 70, 51, 54, 48, 49, 51, 54, 52, 69, 52, 53, 48, 56, 68, 50, 68, 55, 69, 57, 48, 54, 48, 49, 50, 50, 52, 54, 67, 66, 54, 56
50, 57, 52, 54, 57, 56, 52, 55, 48, 48, 50, 56, 70, 52, 68, 48, 69, 53, 69, 54, 48, 48, 50, 48, 49, 51, 66, 48, 66, 68, 69, 56
70, 48, 56, 70, 70, 70, 70, 55, 49, 57, 70, 69, 70, 69, 68, 69, 66, 48, 66, 53, 56, 50, 66, 48, 48, 52, 52, 54, 48, 48, 54, 56, 48, 68, 52, 54, 48, 51, 54, 56, 66, 51, 70, 53, 56, 56, 49, 70
52, 65, 68, 48, 68, 53, 69, 57, 48, 54, 48, 67, 48, 48, 50, 50, 55, 70, 50, 66, 48, 49, 57, 50, 48, 51, 68, 56, 56, 68, 70, 56
48, 52, 51, 48, 48, 49, 50, 50, 51, 56, 69, 48, 66, 50, 69, 66, 68, 51, 50, 70, 48, 57, 68, 49, 48, 50, 50, 50, 57, 57, 48, 57, 54, 50, 70, 51, 57, 70, 49, 51, 56, 68, 70, 56, 48, 53, 51, 48
48, 54, 50, 51, 54, 51, 70, 51, 53, 70, 49, 49, 50, 57, 69, 48, 48, 48, 50, 49, 66, 49, 69, 66, 49, 51, 52, 70, 49, 50, 68, 49
48, 50, 50, 49, 49, 65, 52, 54, 54, 49, 70, 51, 57, 70, 49, 50, 56, 68, 70, 56, 48, 54, 50, 48, 57, 65, 48, 57, 54, 49, 70, 51, 57, 70, 49, 50, 56, 68, 70, 56, 48, 53, 50, 48, 49, 57, 48, 66
48, 69, 50, 50, 54, 50, 70, 51, 49, 70, 49, 49, 56, 68, 70, 56, 48, 52, 49, 48, 48, 51, 50, 50, 49, 52, 69, 48, 48, 50, 50, 49
49, 65, 52, 54, 54, 49, 70, 51, 57, 70, 49, 50, 56, 68, 70, 56, 48, 55, 50, 48, 57, 65, 48, 57, 54, 49, 70, 51, 57, 70, 49, 50, 56, 68, 70, 56, 48, 54, 50, 48, 49, 65, 48, 66, 54, 49, 70, 51
57, 70, 49, 50, 57, 57, 48, 67, 56, 68, 70, 56, 48, 53, 50, 48, 48, 52, 50, 50, 70, 48, 51, 49, 56, 68, 70, 56, 48, 52, 49, 48
68, 67, 70, 56, 48, 67, 51, 48, 48, 49, 65, 57, 57, 56, 52, 55, 49, 48, 66, 49, 48, 49, 50, 48, 48, 50, 66, 48, 66, 48, 66, 68
54, 48, 54, 56, 48, 48, 55, 56, 52, 48, 66, 49, 68, 53, 69, 57, 48, 54, 48, 49, 65, 50, 54, 56, 67, 66, 54, 56, 68, 50, 69, 57, 48, 48, 49, 50, 57, 56, 52, 55, 48, 50, 66, 48, 66, 48, 66, 68
48, 48, 50, 48, 48, 50, 66, 48, 66, 48, 66, 68, 70, 70, 70, 55, 57, 56, 70, 70, 70, 69, 68, 69, 70, 70, 70, 55, 67, 51, 66, 68, 48, 48, 48, 48, 48, 48, 48, 48, 48, 48, 48, 48, 48, 48, 48, 48
48, 48, 48, 48, 48, 48, 48, 48, 48, 48, 48, 48, 48, 48, 56, 52, 57, 52, 50, 51, 48, 54, 49, 56, 49, 49, 48, 48, 48, 48, 48, 48
48, 48, 48, 48, 55, 48, 56, 55, 49, 67, 49, 51, 69, 51, 51, 69, 55, 49, 67, 48, 48, 48, 49, 48, 48, 56, 49, 67, 55, 49, 67, 70
49, 67, 69, 51, 69, 70, 57, 67, 48, 48, 56, 52, 57, 52, 55, 66, 50, 57, 48, 56, 50, 48, 56, 53, 48, 56, 48, 48, 48, 48, 48, 50, 56, 57, 56, 56, 65, 50, 51, 50, 48, 52, 48, 50, 56, 65, 50, 54
48, 48, 50, 48, 48, 52, 50, 50, 56, 65, 50, 56, 65, 50, 57, 50, 48, 56, 50, 50, 48, 48, 56, 52, 66, 69, 65, 48, 52, 65, 49, 48, 52, 48, 52, 50, 48, 56, 48, 48, 48, 48, 48, 52, 57, 56, 56, 48
56, 50, 53, 51, 67, 56, 48, 52, 56, 65, 50, 54, 49, 56, 52, 51, 69, 50, 48, 50, 48, 65, 50, 56, 65, 48, 56, 65, 48, 56, 50, 48
48, 48, 56, 48, 49, 52, 55, 48, 56, 52, 48, 48, 52, 48, 52, 70, 66, 69, 48, 51, 69, 48, 48, 56, 65, 56, 56, 51, 48, 67, 57, 48
50, 70, 48, 56, 55, 49, 69, 48, 49, 56, 56, 48, 48, 49, 48, 52, 54, 66, 69, 70, 50, 48, 56, 66, 67, 70, 50, 48, 48, 48, 56, 48, 51, 69, 50, 57, 48, 65, 56, 48, 52, 48, 52, 50, 48, 56, 48, 48
48, 48, 49, 48, 67, 56, 56, 52, 48, 50, 70, 56, 50, 56, 57, 48, 56, 56, 50, 54, 48, 48, 52, 51, 69, 50, 48, 56, 65, 65, 50, 56, 65, 48, 56, 65, 48, 56, 50, 54, 48, 48, 48, 48, 49, 52, 70, 50
54, 57, 48, 48, 50, 48, 56, 53, 48, 56, 54, 48, 48, 54, 50, 48, 56, 56, 56, 56, 50, 50, 49, 50, 50, 56, 57, 48, 56, 56, 52, 54
49, 56, 50, 48, 48, 52, 48, 48, 65, 65, 50, 56, 65, 50, 57, 50, 48, 56, 50, 50, 48, 48, 56, 48, 49, 52, 50, 48, 54, 54, 56, 48
49, 49, 48, 48, 48, 48, 50, 48, 48, 54, 48, 48, 55, 49, 67, 70, 57, 67, 49, 49, 67, 55, 49, 48, 55, 49, 56, 48, 48, 56, 49, 48, 48, 56, 48, 56, 55, 50, 50, 70, 49, 67, 69, 51, 69, 56, 49, 69
48, 48, 48, 48, 48, 48, 48, 48, 48, 48, 48, 48, 48, 48, 48, 48, 48, 48, 52, 48, 48, 48, 48, 48, 48, 48, 48, 48, 48, 48, 48, 48, 48, 48, 48, 48, 48, 48, 48, 48, 49, 48, 48, 48, 48, 48, 48, 48
48, 48, 48, 48, 48, 48, 48, 48, 48, 48, 48, 48, 56, 57, 67, 51, 65, 50, 56, 50, 50, 56, 57, 67, 70, 49, 67, 70, 49, 67, 70, 65
50, 56, 65, 50, 56, 65, 50, 70, 57, 67, 48, 49, 67, 50, 48, 48, 52, 48, 48, 56, 48, 48, 48, 56, 48, 51, 48, 48, 56, 48, 56, 49
50, 48, 54, 48, 48, 48, 48, 48, 56, 56, 56, 49, 50, 52, 56, 51, 54, 56, 65, 50, 56, 65, 50, 56, 65, 50, 50, 50, 50, 56, 65, 50, 56, 65, 50, 48, 57, 48, 56, 48, 52, 53, 48, 48, 50, 48, 48, 56
48, 48, 48, 56, 48, 52, 56, 48, 56, 48, 48, 48, 50, 48, 50, 48, 48, 48, 48, 48, 56, 56, 56, 49, 50, 56, 56, 50, 65, 67, 65, 50, 56, 65, 50, 56, 65, 48, 50, 50, 50, 56, 65, 50, 53, 50, 50, 49
49, 48, 52, 48, 52, 56, 56, 48, 49, 49, 67, 66, 49, 67, 54, 57, 67, 52, 49, 69, 66, 49, 56, 51, 50, 52, 50, 51, 52, 66, 49, 67
70, 56, 56, 49, 51, 48, 56, 50, 65, 65, 65, 50, 70, 50, 50, 70, 49, 67, 50, 50, 50, 56, 65, 65, 50, 49, 52, 50, 49, 48, 50, 48
52, 48, 48, 48, 48, 48, 50, 67, 65, 48, 57, 65, 50, 69, 50, 50, 67, 56, 56, 49, 50, 56, 50, 50, 65, 67, 65, 50, 56, 56, 56, 49, 50, 56, 56, 50, 50, 57, 65, 50, 56, 50, 65, 65, 48, 50, 50, 50
50, 56, 65, 65, 53, 48, 56, 52, 49, 48, 49, 48, 52, 48, 48, 48, 48, 49, 69, 56, 65, 48, 56, 66, 69, 52, 50, 50, 56, 56, 56, 49
51, 48, 50, 50, 50, 56, 65, 50, 56, 56, 56, 57, 50, 52, 56, 50, 50, 56, 65, 50, 56, 50, 52, 57, 50, 50, 50, 50, 50, 53, 50, 65, 56, 56, 56, 56, 49, 48, 48, 56, 52, 48, 48, 48, 48, 50, 50, 56
65, 50, 56, 65, 48, 52, 49, 69, 56, 56, 56, 49, 50, 56, 50, 50, 50, 56, 65, 50, 56, 57, 67, 54, 50, 50, 70, 65, 50, 56, 57, 67
56, 49, 65, 56, 57, 67, 50, 49, 67, 50, 49, 52, 56, 56, 56, 70, 57, 67, 48, 49, 67, 48, 48, 48, 48, 49, 69, 70, 49, 67, 55, 57
67, 52, 48, 50, 56, 57, 67, 57, 50, 52, 55, 50, 50, 56, 57, 67, 48, 48, 48, 48, 48, 48, 48, 48, 48, 48, 48, 48, 48, 48, 48, 48, 48, 48, 48, 48, 48, 48, 48, 48, 48, 48, 48, 48, 48, 48, 48, 48
48, 48, 51, 69, 48, 48, 48, 48, 48, 48, 48, 48, 48, 48, 49, 67, 48, 48, 48, 54, 48, 48, 48, 48, 48, 48, 48, 48, 48, 48, 48, 48, 48, 48, 52, 48, 48, 48, 48, 48, 48, 48, 48, 48, 48, 52, 50, 49
48, 54, 56, 56, 48, 48, 67, 48, 50, 50, 50, 48, 67, 56, 66, 69, 55, 48, 48, 48, 48, 48, 70, 66, 69, 50, 48, 48, 54, 51, 56, 49
56, 48, 55, 56, 48, 48, 49, 48, 48, 48, 48, 48, 48, 48, 52, 48, 48, 48, 48, 48, 48, 48, 48, 48, 48, 56, 50, 48, 56, 57, 48, 48, 50, 49, 48, 48, 49, 52, 50, 49, 50, 48, 50, 50, 48, 56, 65, 48
48, 48, 56, 56, 48, 53, 48, 56, 57, 48, 52, 50, 48, 48, 57, 56, 48, 48, 51, 48, 70, 49, 69, 66, 49, 69, 69, 50, 50, 56, 65, 50
56, 65, 50, 70, 56, 56, 50, 48, 56, 48, 48, 56, 55, 49, 48, 56, 66, 69, 50, 48, 56, 48, 50, 65, 55, 57, 52, 48, 48, 48, 65, 56, 48, 50, 49, 67, 50, 49, 56, 48, 50, 50, 57, 56, 48, 48, 49, 48
56, 65, 50, 67, 65, 48, 52, 50, 50, 56, 65, 50, 53, 50, 50, 49, 49, 48, 50, 48, 52, 48, 48, 56, 65, 51, 56, 55, 48, 56, 48, 49
52, 48, 50, 69, 56, 65, 56, 70, 57, 67, 56, 56, 48, 48, 48, 56, 52, 48, 52, 48, 50, 50, 55, 56, 67, 48, 49, 48, 56, 65, 50, 56, 49, 67, 52, 50, 50, 56, 65, 65, 50, 50, 50, 50, 48, 56, 50, 48
56, 48, 48, 56, 65, 49, 48, 53, 51, 69, 50, 48, 56, 48, 50, 65, 55, 49, 52, 48, 56, 48, 57, 56, 48, 48, 48, 48, 70, 51, 56, 48
50, 50, 49, 56, 67, 48, 51, 56, 70, 49, 69, 56, 48, 50, 52, 65, 54, 53, 50, 65, 53, 49, 69, 52, 48, 56, 50, 48, 56, 48, 48, 56, 65, 57, 50, 55, 48, 56, 50, 50, 52, 48, 50, 50, 48, 48, 65, 48
56, 48, 65, 56, 48, 48, 49, 67, 48, 48, 48, 48, 51, 50, 49, 56, 48, 48, 48, 48, 56, 48, 50, 56, 51, 67, 51, 49, 65, 50, 49, 52
56, 56, 50, 70, 56, 52, 50, 49, 48, 48, 48, 56, 55, 50, 67, 56, 56, 56, 50, 49, 56, 48, 51, 69, 48, 48, 48, 48, 48, 48, 70, 56
48, 48, 48, 48, 48, 48, 48, 48, 50, 67, 49, 56, 48, 48, 48, 48, 56, 48, 50, 48, 48, 48, 48, 48, 48, 48, 48, 48, 48, 49, 67, 48, 48, 48, 48, 48, 48, 48, 48, 48, 50, 48, 48, 48, 48, 48, 48, 48
48, 48, 48, 48, 48, 48, 48, 48, 48, 48, 48, 48, 48, 48, 48, 48, 48, 48, 48, 48, 50, 48, 48, 48, 48, 50, 48, 48, 55, 48, 48, 56, 65, 50, 67, 48, 56, 67, 48, 54, 50, 49, 65, 53, 48, 56, 51, 57
67, 67, 48, 54, 50, 49, 52, 67, 48, 54, 50, 49, 52, 55, 49, 65, 67, 48, 54, 50, 49, 65, 53, 48, 48, 55, 51, 48, 49, 56, 56, 53
50, 54, 69, 48, 48, 67, 48, 54, 56, 65, 56, 57, 50, 52, 52, 48, 48, 50, 48, 56, 53, 50, 52, 48, 48, 48, 54, 50, 50, 50, 48, 56, 53, 48, 48, 50, 48, 56, 53, 48, 48, 52, 65, 52, 50, 48, 56, 53
50, 52, 48, 50, 50, 56, 56, 56, 50, 49, 52, 48, 50, 65, 52, 49, 56, 50, 48, 56, 56, 57, 52, 65, 50, 56, 67, 48, 56, 55, 49, 67
55, 49, 67, 55, 49, 67, 65, 50, 48, 70, 66, 69, 70, 66, 69, 55, 49, 67, 55, 49, 67, 52, 65, 50, 55, 49, 67, 55, 49, 67, 55, 49, 52, 57, 65, 50, 56, 65, 50, 56, 65, 50, 55, 50, 52, 55, 49, 67
56, 56, 65, 53, 49, 48, 52, 57, 48, 56, 65, 50, 56, 65, 50, 56, 65, 50, 66, 65, 48, 56, 50, 48, 56, 50, 48, 50, 48, 56, 50, 48
56, 69, 66, 50, 56, 65, 50, 56, 65, 50, 56, 56, 56, 65, 65, 50, 56, 65, 50, 56, 57, 52, 52, 66, 67, 48, 56, 50, 55, 49, 52, 66, 50, 69, 68, 65, 48, 70, 66, 69, 70, 66, 69, 70, 66, 69, 69, 50
48, 69, 51, 56, 69, 51, 56, 50, 48, 56, 50, 48, 56, 52, 65, 65, 56, 65, 50, 56, 65, 50, 56, 57, 52, 67, 65, 50, 56, 65, 50, 56
56, 56, 52, 65, 50, 55, 57, 69, 48, 50, 56, 53, 48, 50, 50, 65, 50, 56, 65, 50, 56, 65, 50, 56, 65, 50, 65, 50, 50, 56, 50, 48
56, 50, 48, 50, 48, 56, 50, 48, 56, 52, 65, 54, 56, 65, 50, 56, 65, 50, 56, 65, 50, 56, 65, 50, 56, 65, 50, 56, 56, 56, 55, 50, 50, 56, 65, 50, 48, 48, 48, 55, 56, 52, 51, 57, 67, 56, 65, 50
56, 65, 50, 56, 65, 50, 66, 57, 67, 70, 66, 69, 70, 66, 69, 55, 49, 67, 55, 49, 67, 55, 50, 50, 55, 49, 67, 55, 49, 67, 55, 48, 48, 55, 49, 67, 55, 49, 67, 55, 48, 56, 52, 50, 67, 55, 57, 69
48, 48, 48, 49, 48, 69, 48, 56, 48, 48, 48, 48, 48, 48, 48, 48, 48, 48, 48, 48, 56, 48, 48, 48, 48, 48, 48, 48, 48, 48, 48, 48
48, 48, 48, 48, 48, 48, 48, 48, 48, 48, 48, 48, 48, 48, 48, 48, 48, 48, 48, 48, 48, 48, 69, 50, 48, 48, 48, 48, 55, 49, 65, 53
48, 56, 48, 48, 48, 67, 48, 54, 55, 49, 52, 67, 48, 54, 55, 49, 52, 65, 49, 65, 67, 48, 54, 55, 49, 65, 53, 48, 48, 48, 48, 54, 67, 49, 67, 53, 48, 54, 54, 49, 52, 48, 48, 48, 48, 48, 48, 48
48, 48, 48, 48, 48, 48, 48, 48, 56, 65, 52, 48, 48, 48, 48, 48, 48, 50, 48, 56, 56, 56, 48, 50, 48, 56, 56, 56, 48, 52, 50, 52
50, 48, 56, 56, 65, 52, 48, 48, 56, 48, 48, 56, 50, 50, 50, 48, 48, 56, 50, 48, 48, 48, 48, 48, 48, 48, 48, 48, 48, 48, 48, 48, 48, 48, 48, 48, 55, 49, 67, 55, 49, 67, 68, 49, 67, 55, 49, 67
55, 49, 67, 48, 48, 48, 48, 48, 48, 65, 50, 67, 55, 49, 67, 55, 49, 67, 55, 48, 48, 55, 50, 50, 56, 65, 50, 56, 65, 50, 51, 50
50, 48, 48, 48, 48, 48, 48, 48, 48, 48, 48, 48, 48, 48, 48, 48, 48, 56, 50, 48, 56, 50, 50, 65, 48, 56, 65, 50, 56, 65, 50, 54, 49, 56, 54, 49, 56, 49, 51, 50, 56, 65, 50, 56, 65, 50, 56, 66
69, 57, 65, 50, 56, 65, 50, 56, 65, 50, 50, 65, 50, 48, 48, 48, 48, 48, 48, 48, 48, 48, 48, 48, 48, 48, 48, 48, 55, 57, 69, 55
57, 69, 55, 65, 48, 70, 66, 69, 70, 66, 69, 50, 48, 56, 50, 48, 56, 55, 65, 50, 56, 65, 50, 56, 65, 50, 56, 56, 48, 65, 65, 50, 56, 65, 50, 56, 65, 50, 51, 50, 50, 48, 48, 48, 48, 48, 48, 48
48, 48, 48, 48, 48, 48, 48, 48, 56, 65, 50, 56, 65, 50, 65, 50, 50, 56, 50, 48, 56, 50, 48, 50, 48, 56, 50, 48, 56, 56, 65, 50
56, 65, 50, 56, 65, 50, 56, 56, 56, 67, 65, 54, 57, 65, 54, 57, 57, 69, 50, 49, 69, 48, 48, 48, 48, 48, 48, 48, 48, 48, 48, 48, 48, 48, 48, 48, 55, 57, 69, 55, 57, 69, 53, 57, 67, 55, 49, 67
55, 49, 67, 55, 49, 67, 55, 49, 67, 55, 50, 50, 55, 49, 67, 55, 49, 67, 55, 48, 48, 55, 49, 65, 54, 57, 65, 54, 56, 50, 55, 48
50, 48, 48, 48, 48, 48, 48, 48, 48, 48, 48, 48, 48, 48, 48, 48, 48, 48, 48, 48, 48, 48, 48, 48, 56, 48, 48, 48, 48, 48, 48, 48, 48, 48, 48, 48, 48, 48, 48, 48, 48, 48, 48, 48, 48, 48, 48, 48
48, 48, 48, 48, 48, 48, 48, 48, 49, 67, 48, 49, 67, 48, 48, 48, 48, 48, 48, 48, 48, 48, 48, 48, 48, 48, 48, 48, 50, 68, 52, 52
48, 48, 50, 48, 48, 52, 48, 48, 48, 48, 48, 48, 48, 52, 48, 48, 48, 48, 48, 48, 55, 57, 52, 53, 48, 48, 50, 48, 66, 57, 52, 52, 48, 48, 50, 48, 53, 66, 52, 53, 48, 48, 50, 48, 48, 48, 48, 48
48, 48, 48, 48, 48, 48, 48, 48, 48, 48, 48, 48, 52, 56, 54, 53, 54, 67, 54, 67, 54, 70, 50, 48, 54, 54, 55, 50, 54, 70, 54, 68
50, 48, 53, 50, 55, 53, 55, 51, 55, 52, 50, 49, 51, 48, 53, 48, 48, 48, 50, 48, 49, 48, 48, 48, 48, 48, 48, 48, 53, 66, 53, 68, 48, 48, 48, 48, 52, 56, 53, 48, 48, 48, 50, 48, 48, 49, 48, 48
48, 48, 48, 48, 52, 57, 53, 48, 48, 48, 50, 48, 48, 49, 48, 48, 48, 48, 48, 48, 55, 52, 53, 48, 48, 48, 50, 48, 51, 51, 48, 48
48, 48, 48, 48, 65, 55, 53, 48, 48, 48, 50, 48, 52, 65, 48, 48, 48, 48, 48, 48, 54, 52, 48, 48, 48, 48, 48, 48, 49, 49, 48, 48, 48, 48, 48, 48, 52, 50, 54, 49, 54, 52, 50, 48, 54, 51, 54, 70
54, 69, 55, 52, 54, 53, 55, 56, 55, 52, 50, 67, 50, 48, 54, 51, 54, 70, 54, 69, 55, 52, 54, 53, 55, 56, 55, 52, 50, 48, 54, 57
55, 51, 50, 48, 54, 70, 54, 69, 54, 67, 55, 57, 50, 48, 55, 54, 54, 49, 54, 67, 54, 57, 54, 52, 50, 48, 55, 55, 54, 57, 55, 52, 54, 56, 54, 57, 54, 69, 50, 48, 55, 53, 55, 48, 54, 52, 54, 49
55, 52, 54, 53, 50, 56, 50, 57, 50, 49, 50, 70, 54, 56, 54, 70, 54, 68, 54, 53, 50, 70, 54, 68, 54, 49, 54, 50, 54, 53, 55, 65
50, 70, 54, 52, 54, 53, 55, 54, 54, 53, 54, 67, 54, 70, 55, 48, 54, 68, 54, 53, 54, 69, 55, 52, 50, 70, 55, 50, 55, 53, 55, 51, 55, 52, 50, 70, 54, 53, 54, 68, 54, 50, 54, 53, 54, 52, 54, 52
54, 53, 54, 52, 50, 70, 55, 48, 55, 50, 54, 70, 54, 65, 54, 53, 54, 51, 55, 52, 55, 51, 50, 70, 54, 68, 54, 49, 54, 50, 54, 53
55, 65, 50, 68, 55, 55, 54, 49, 55, 52, 54, 51, 54, 56, 50, 68, 55, 50, 55, 53, 55, 51, 55, 52, 50, 70, 55, 51, 55, 50, 54, 51, 50, 70, 54, 67, 54, 57, 54, 50, 50, 69, 55, 50, 55, 51, 48, 48
48, 48, 48, 48, 48, 49, 48, 48, 48, 48, 48, 48, 48, 48, 48, 48, 48, 48, 48, 48, 50, 48, 48, 48, 48, 48, 48, 48, 48, 48, 48, 48
48, 48, 48, 48, 48, 51, 48, 48, 48, 48, 48, 48, 48, 48, 48, 48, 48, 48, 48, 48, 48, 51, 48, 48, 48, 48, 48, 48, 48, 48, 48, 48, 48, 48, 48, 48, 48, 51, 48, 48, 48, 48, 48, 48, 51, 48, 51, 48
51, 48, 51, 49, 51, 48, 51, 50, 51, 48, 51, 51, 51, 48, 51, 52, 51, 48, 51, 53, 51, 48, 51, 54, 51, 48, 51, 55, 51, 48, 51, 56
51, 48, 51, 57, 51, 49, 51, 48, 51, 49, 51, 49, 51, 49, 51, 50, 51, 49, 51, 51, 51, 49, 51, 52, 51, 49, 51, 53, 51, 49, 51, 54
51, 49, 51, 55, 51, 49, 51, 56, 51, 49, 51, 57, 51, 50, 51, 48, 51, 50, 51, 49, 51, 50, 51, 50, 51, 50, 51, 51, 51, 50, 51, 52, 51, 50, 51, 53, 51, 50, 51, 54, 51, 50, 51, 55, 51, 50, 51, 56
51, 50, 51, 57, 51, 51, 51, 48, 51, 51, 51, 49, 51, 51, 51, 50, 51, 51, 51, 51, 51, 51, 51, 52, 51, 51, 51, 53, 51, 51, 51, 54
51, 51, 51, 55, 51, 51, 51, 56, 51, 51, 51, 57, 51, 52, 51, 48, 51, 52, 51, 49, 51, 52, 51, 50, 51, 52, 51, 51, 51, 52, 51, 52, 51, 52, 51, 53, 51, 52, 51, 54, 51, 52, 51, 55, 51, 52, 51, 56
51, 52, 51, 57, 51, 53, 51, 48, 51, 53, 51, 49, 51, 53, 51, 50, 51, 53, 51, 51, 51, 53, 51, 52, 51, 53, 51, 53, 51, 53, 51, 54, 51, 53, 51, 55, 51, 53, 51, 56, 51, 53, 51, 57, 51, 54, 51, 48
51, 54, 51, 49, 51, 54, 51, 50, 51, 54, 51, 51, 51, 54, 51, 52, 51, 54, 51, 53, 51, 54, 51, 54, 51, 54, 51, 55, 51, 54, 51, 56
51, 54, 51, 57, 51, 55, 51, 48, 51, 55, 51, 49, 51, 55, 51, 50, 51, 55, 51, 51, 51, 55, 51, 52, 51, 55, 51, 53, 51, 55, 51, 54
51, 55, 51, 55, 51, 55, 51, 56, 51, 55, 51, 57, 51, 56, 51, 48, 51, 56, 51, 49, 51, 56, 51, 50, 51, 56, 51, 51, 51, 56, 51, 52, 51, 56, 51, 53, 51, 56, 51, 54, 51, 56, 51, 55, 51, 56, 51, 56
51, 56, 51, 57, 51, 57, 51, 48, 51, 57, 51, 49, 51, 57, 51, 50, 51, 57, 51, 51, 51, 57, 51, 52, 51, 57, 51, 53, 51, 57, 51, 54, 51, 57, 51, 55, 51, 57, 51, 56, 51, 57, 51, 57, 70, 56, 53, 49
48, 48, 50, 48, 50, 66, 48, 48, 48, 48, 48, 48, 50, 51, 53, 50, 48, 48, 50, 48, 49, 53, 48, 48, 48, 48, 48, 48, 54, 51, 48, 49
48, 48, 48, 48, 49, 53, 48, 48, 48, 48, 48, 48, 54, 51, 54, 49, 54, 67, 54, 67, 54, 53, 54, 52, 50, 48, 54, 48, 52, 70, 55, 48
55, 52, 54, 57, 54, 70, 54, 69, 51, 65, 51, 65, 55, 53, 54, 69, 55, 55, 55, 50, 54, 49, 55, 48, 50, 56, 50, 57, 54, 48, 50, 48, 54, 70, 54, 69, 50, 48, 54, 49, 50, 48, 54, 48, 52, 69, 54, 70
54, 69, 54, 53, 54, 48, 50, 48, 55, 54, 54, 49, 54, 67, 55, 53, 54, 53, 55, 51, 55, 50, 54, 51, 50, 70, 54, 67, 54, 57, 54, 50, 54, 51, 54, 70, 55, 50, 54, 53, 50, 70, 54, 70, 55, 48, 55, 52
54, 57, 54, 70, 54, 69, 50, 69, 55, 50, 55, 51, 3